00000000
00000001
00000001
00010011
00000000
10000001
00100100
00100011
00000000
10010001
00100100
10100011
00000001
00100001
00101001
00100011
00000001
00110001
00101001
10100011
00000000
00010001
00100000
10100011
00000000
00000101
00000100
00110011
00000000
00000101
10000100
10110011
00000000
00000000
00001001
00010011
00000000
00000000
00001001
10010011
00000010
10011001
11010000
01100011
00000001
00100100
00001001
00110011
00000000
00011001
10001001
10010011
11111111
11111111
01000000
01101111
00000001
00100000
00000101
00110011
00000001
00000001
00100100
00000011
00000000
11000001
00100100
10000011
00000000
10000001
00101001
00000011
00000000
01000001
00101001
10000011
00000000
00000001
00100000
10000011
00000001
00000001
00000001
00010011
00000000
00000000
10000000
01100111
00000000
01010000
00000101
00010011
00000000
01010000
00000101
10010011
11111111
11111010
00000000
11101111
00000000
10100000
00000100
00110011
00000000
00000000
00000000
00000000
00000000
00000000
00000000
00000000
00000000
00000000
00000000
00000000
00000000
00000000
00000000
00000000
00000000
00000000
00000000
00000000
00000000
00000000
00000000
00000000
00000000
00000000
00000000
00000000
00000000
00000000
00000000
00000000
00000000
00000000
00000000
00000000
00000000
00000000
00000000
00000000
00000000
00000000
00000000
00000000
00000000
00000000
00000000
00000000
00000000
00000000
00000000
00000000
00000000
00000000
00000000
00000000
00000000
00000000
00000000
00000000
00000000
00000000
00000000
00000000
00000000
00000000
00000000
00000000
00000000
00000000
00000000
00000000
00000000
00000000
00000000
00000000
00000000
00000000
00000000
00000000
00000000
00000000
00000000
00000000
00000000
00000000
00000000
00000000
00000000
00000000
00000000
00000000
00000000
00000000
00000000
00000000
00000000
00000000
00000000
00000000
00000000
00000000
00000000
00000000
00000000
00000000
00000000
00000000
00000000
00000000
00000000
00000000
00000000
00000000
00000000
00000000
00000000
00000000
00000000
00000000
00000000
00000000
00000000
00000000
00000000
00000000
00000000
00000000
00000000
00000000
00000000
00000000
00000000
00000000
00000000
00000000
00000000
00000000
00000000
00000000
00000000
00000000
00000000
00000000
00000000
00000000
00000000
00000000
00000000
00000000
00000000
00000000